7636 8233 2352 
6839 
6992 3516 
3448 8909 123 6597 
3193 757 4908 
9284 4636 
6820 7301 8482 5287 
315 9965 
5650 
2248 3882 7115 
7072 4312 3503 6940 
6951 5848 4090 
4498 3634 655 
379 
393 4630 
7693 
8395 7502 9778 4711 
1779 9474 
5661 
872 2732 7251 4374 
4865 1324 1870 
1222 2719 
1876 2124 2966 8165 
3948 1273 6560 3411 
4061 3188 730 6174 
203 534 6979 
1405 6062 
2130 2085 5257 9806 
562 1027 
3149 
1500 2467 3771 
2766 5044 6926 
1063 986 9363 8144 
681 8347 4044 
1488 5448 73 
7577 2157 3488 7382 
4049 4761 
3550 367 
2368 
3703 
9180 
1308 6594 1613 7022 
5123 7703 
9166 1713 923 965 
9154 
293 2641 
9107 3042 7035 
2943 7401 633 5310 
4335 442 
1315 
15 
5122 1104 4402 
539 9919 889 7813 
9025 6967 9425 5670 
8051 4776 5352 
2071 8294 
2703 9955 
3390 396 148 
8496 6514 334 9970 
4735 
4507 
6385 8671 
1762 
1313 
7948 9363 8558 
800 6980 7945 
6035 7899 
9424 4647 5567 479 
2080 812 
6048 1899 4960 
6552 7696 
8440 
7565 
3239 5512 1818 8148 