9519 
4332 
2153 6849 8581 
3739 2154 
2072 
869 
9479 6289 1496 
4680 4163 5094 2499 
1983 3718 3474 9837 
9053 4379 7761 
5062 6506 292 
1438 5803 2001 3591 2015 
208 2884 
6038 5524 
483 6555 
1928 
8679 3910 2771 
3746 1013 3908 4476 
2048 
7983 2339 
9420 8142 9799 3010 
222 
9391 1263 5607 4914 3799 
1469 3202 4369 6873 1880 
5995 6736 8376 3360 
2852 8485 9042 
6467 1381 6538 
5874 6336 1599 
6558 1168 1772 4172 
3037 7971 
857 
9936 7730 9403 8214 
6138 
3435 3133 5793 8271 2174 
1089 9906 
3326 5779 7405 4925 8160 
6092 9931 4486 9218 
8808 4785 176 6331 
4257 
9286 4332 4575 5875 4119 
8019 2389 
2551 3478 
3620 6803 8268 
1727 
7690 4171 
8527 3388 2028 3686 
8555 6368 5597 2811 8452 
3494 9378 
7612 3436 5127 6353 
7677 9830 2157 
2984 
8672 4711 6851 2713 
9559 7591 4972 
7628 9496 6492 
5092 5654 8798 6326 9148 
3434 
7963 
5815 7630 
5644 9786 236 4980 
5259 6042 
4323 1274 
1913 6245 
5892 2093 3751 9886 3536 
5036 9861 
9563 
4366 
4558 6533 1507 3498 8528 
3733 3507 
8992 9548 7616 
821 
1579 7066 549 
9158 651 
2693 6407 5095 
7662 
8551 8380 
9460 4912 39 
3439 7683 
6946 1887 
2845 9503 8050 
2792 
7083 3340 3450 
342 3509 
6749 4955 541 762 
5444 9141 4495 
404 4534 7860 
8568 901 3492 454 9285 
6308 
1 9099 3314 3435 
3115 6026 9132 2975 7662 
4281 8202 
243 3645 8486 
8548 8889 
2759 5435 
11 8926 995 5647 
7302 9332 1614 2753 